#CGMF SUMMARY FILE
#Generated: 2017-06-15 18:27
#Number of CGMF Output Files: 64
#
#File				# Hist	<TXE>	1sig		<TKE>	1sig		<J>		1sig		<nn>	n-mom2	n-mom3	<ng>	g-mom2	g-mom3	<En>	1sig		<Eg>	1sig
#---------------------------------------------------------------------------------------------------------------------------------------------------------------------------------------------
output23.txt		10000	33.190	9.805E+00	184.842	1.070E+01	10.884	6.106E+00	3.879	12.951	36.674	9.517	95.772	1015.41	1.870	1.581E+00	0.884	9.174E-03
output1.txt			10000	33.162	9.826E+00	184.835	1.067E+01	10.845	6.067E+00	3.890	13.043	36.985	9.418	93.914	987.19	1.860	1.571E+00	0.882	9.176E-03
output4.txt			10000	33.270	9.947E+00	184.814	1.078E+01	10.782	6.091E+00	3.893	13.093	37.583	9.440	94.242	991.25	1.865	1.575E+00	0.886	9.184E-03
output16.txt		10000	33.010	9.754E+00	185.037	1.066E+01	10.846	6.109E+00	3.866	12.838	36.074	9.468	94.907	1001.97	1.870	1.571E+00	0.877	9.154E-03
output26.txt		10000	33.255	9.970E+00	184.709	1.085E+01	10.872	6.161E+00	3.893	13.097	37.597	9.495	95.344	1005.01	1.867	1.584E+00	0.886	9.189E-03
output56.txt		10000	33.202	9.796E+00	184.907	1.062E+01	10.820	6.029E+00	3.884	12.988	36.804	9.413	93.612	978.82	1.870	1.579E+00	0.882	9.151E-03
output42.txt		10000	33.147	1.007E+01	184.930	1.083E+01	10.819	6.110E+00	3.877	12.980	37.081	9.435	94.284	990.56	1.873	1.583E+00	0.879	9.156E-03
output40.txt		10000	33.339	9.893E+00	184.601	1.064E+01	10.870	6.140E+00	3.906	13.168	37.781	9.513	96.149	1028.65	1.875	1.575E+00	0.884	9.194E-03
output43.txt		10000	33.106	9.876E+00	184.870	1.069E+01	10.820	6.048E+00	3.877	12.973	36.925	9.468	94.343	985.90	1.868	1.569E+00	0.884	9.194E-03
output55.txt		10000	33.288	9.814E+00	184.907	1.060E+01	10.828	6.045E+00	3.894	13.083	37.353	9.459	94.727	1000.94	1.872	1.588E+00	0.878	9.172E-03
output44.txt		10000	33.211	9.867E+00	184.798	1.080E+01	10.868	6.099E+00	3.893	13.106	37.642	9.483	95.011	1000.86	1.867	1.567E+00	0.882	9.171E-03
output60.txt		10000	33.124	9.796E+00	184.976	1.071E+01	10.738	6.023E+00	3.877	12.962	36.888	9.417	93.635	978.72	1.879	1.583E+00	0.890	9.187E-03
output15.txt		10000	33.163	9.843E+00	184.841	1.076E+01	10.906	6.076E+00	3.874	12.962	36.916	9.512	95.834	1015.98	1.876	1.582E+00	0.883	9.144E-03
output8.txt			10000	33.175	1.001E+01	184.830	1.091E+01	10.806	6.049E+00	3.884	13.042	37.430	9.505	95.464	1010.00	1.857	1.559E+00	0.883	9.171E-03
output39.txt		10000	33.189	9.930E+00	184.806	1.079E+01	10.898	6.114E+00	3.878	13.006	37.150	9.521	95.589	1006.39	1.872	1.568E+00	0.886	9.151E-03
output29.txt		10000	33.181	9.856E+00	184.806	1.068E+01	10.826	6.015E+00	3.888	13.045	37.320	9.496	95.253	1005.17	1.877	1.575E+00	0.883	9.157E-03
output53.txt		10000	33.251	1.007E+01	184.770	1.080E+01	10.890	6.131E+00	3.886	13.059	37.462	9.515	95.766	1015.83	1.879	1.601E+00	0.885	9.182E-03
output34.txt		10000	32.984	9.865E+00	185.002	1.069E+01	10.814	6.056E+00	3.857	12.835	36.251	9.462	94.434	986.33	1.873	1.586E+00	0.880	9.142E-03
output24.txt		10000	33.120	9.889E+00	184.907	1.082E+01	10.848	6.095E+00	3.879	12.958	36.838	9.472	94.559	990.67	1.872	1.578E+00	0.884	9.196E-03
output63.txt		10000	33.368	1.006E+01	184.720	1.089E+01	10.910	6.127E+00	3.894	13.120	37.730	9.489	95.235	1009.98	1.887	1.578E+00	0.883	9.194E-03
output3.txt			10000	33.270	9.802E+00	184.826	1.068E+01	10.826	6.080E+00	3.903	13.141	37.720	9.455	94.753	1001.18	1.857	1.571E+00	0.882	9.135E-03
output14.txt		10000	33.266	1.005E+01	184.849	1.086E+01	10.800	6.087E+00	3.884	13.046	37.385	9.436	94.425	997.27	1.881	1.598E+00	0.889	9.197E-03
output49.txt		10000	33.323	9.957E+00	184.688	1.072E+01	10.868	6.092E+00	3.903	13.149	37.699	9.489	95.092	1002.12	1.867	1.576E+00	0.881	9.190E-03
output33.txt		10000	33.153	9.936E+00	184.883	1.087E+01	10.825	6.122E+00	3.869	12.938	36.852	9.489	95.532	1016.99	1.874	1.578E+00	0.883	9.138E-03
output37.txt		10000	33.154	9.903E+00	184.955	1.071E+01	10.769	6.068E+00	3.877	12.948	36.734	9.450	94.117	982.72	1.868	1.570E+00	0.884	9.141E-03
output46.txt		10000	33.071	9.876E+00	184.868	1.081E+01	10.763	6.020E+00	3.869	12.924	36.802	9.434	94.253	995.23	1.877	1.582E+00	0.886	9.166E-03
output54.txt		10000	33.215	9.886E+00	184.842	1.075E+01	10.826	6.050E+00	3.893	13.081	37.478	9.444	94.267	988.69	1.863	1.574E+00	0.882	9.185E-03
output59.txt		10000	33.030	9.821E+00	185.036	1.068E+01	10.833	6.056E+00	3.867	12.897	36.572	9.471	94.841	999.11	1.864	1.572E+00	0.884	9.183E-03
output25.txt		10000	33.305	9.943E+00	184.810	1.083E+01	10.783	6.114E+00	3.895	13.113	37.657	9.427	94.176	992.58	1.879	1.578E+00	0.881	9.162E-03
output12.txt		10000	33.214	9.866E+00	184.681	1.088E+01	10.864	6.101E+00	3.882	13.029	37.335	9.533	96.027	1016.33	1.868	1.578E+00	0.886	9.146E-03
output21.txt		10000	33.195	9.869E+00	184.999	1.073E+01	10.846	6.089E+00	3.889	13.073	37.547	9.436	94.564	998.73	1.885	1.586E+00	0.882	9.180E-03
output51.txt		10000	33.221	9.841E+00	184.861	1.070E+01	10.816	6.075E+00	3.888	13.032	37.153	9.410	93.731	983.77	1.872	1.571E+00	0.883	9.144E-03
output20.txt		10000	33.186	9.940E+00	184.977	1.075E+01	10.855	6.108E+00	3.883	13.046	37.358	9.481	95.206	1009.99	1.876	1.581E+00	0.880	9.156E-03
output5.txt			10000	33.206	9.932E+00	184.769	1.081E+01	10.790	6.027E+00	3.886	13.065	37.571	9.440	94.183	987.91	1.878	1.581E+00	0.884	9.159E-03
output22.txt		10000	33.154	9.934E+00	184.791	1.073E+01	10.861	6.038E+00	3.876	12.994	37.144	9.478	95.122	1008.66	1.872	1.574E+00	0.880	9.171E-03
output27.txt		10000	33.226	9.911E+00	184.713	1.076E+01	10.872	6.065E+00	3.887	13.056	37.397	9.478	94.919	1000.92	1.872	1.574E+00	0.882	9.150E-03
output30.txt		10000	33.040	9.934E+00	184.981	1.076E+01	10.780	6.031E+00	3.862	12.888	36.693	9.435	94.061	984.26	1.875	1.573E+00	0.887	9.177E-03
output11.txt		10000	33.263	9.842E+00	184.807	1.067E+01	10.839	6.079E+00	3.897	13.102	37.416	9.489	95.287	1007.92	1.871	1.579E+00	0.880	9.169E-03
output9.txt			10000	33.107	9.956E+00	184.858	1.079E+01	10.830	6.085E+00	3.865	12.912	36.844	9.508	95.844	1022.66	1.868	1.572E+00	0.884	9.175E-03
output52.txt		10000	33.319	9.920E+00	184.721	1.070E+01	10.893	6.063E+00	3.895	13.084	37.323	9.517	95.568	1009.78	1.869	1.583E+00	0.881	9.144E-03
output50.txt		10000	33.126	9.880E+00	184.829	1.073E+01	10.870	6.103E+00	3.879	12.971	36.876	9.488	95.248	1007.88	1.856	1.560E+00	0.878	9.155E-03
output58.txt		10000	33.236	9.792E+00	184.694	1.064E+01	10.861	6.153E+00	3.890	13.015	36.996	9.520	95.862	1018.29	1.861	1.582E+00	0.882	9.180E-03
output10.txt		10000	33.144	9.729E+00	184.888	1.052E+01	10.897	6.141E+00	3.868	12.856	36.188	9.480	94.947	1001.59	1.868	1.577E+00	0.884	9.190E-03
output2.txt			10000	33.321	9.975E+00	184.755	1.078E+01	10.879	6.058E+00	3.903	13.189	38.089	9.412	93.697	982.53	1.872	1.586E+00	0.883	9.171E-03
output32.txt		10000	33.324	9.768E+00	184.704	1.064E+01	10.824	6.042E+00	3.909	13.157	37.569	9.460	94.744	1001.77	1.872	1.580E+00	0.878	9.161E-03
output45.txt		10000	33.284	9.868E+00	184.760	1.071E+01	10.799	6.087E+00	3.896	13.081	37.336	9.416	93.939	989.63	1.875	1.574E+00	0.883	9.175E-03
output48.txt		10000	33.209	9.882E+00	184.799	1.068E+01	10.787	6.114E+00	3.884	12.990	36.885	9.459	94.507	991.90	1.869	1.584E+00	0.885	9.180E-03
output57.txt		10000	33.103	9.813E+00	184.911	1.065E+01	10.836	6.079E+00	3.875	12.932	36.673	9.477	95.038	1005.59	1.874	1.576E+00	0.886	9.157E-03
output36.txt		10000	33.184	9.793E+00	184.823	1.078E+01	10.860	6.056E+00	3.888	13.005	36.914	9.493	95.307	1009.22	1.855	1.578E+00	0.884	9.183E-03
output6.txt			10000	33.220	9.761E+00	184.746	1.072E+01	10.925	6.117E+00	3.880	12.971	36.799	9.572	96.563	1023.25	1.871	1.579E+00	0.882	9.169E-03
output28.txt		10000	33.227	9.875E+00	184.798	1.068E+01	10.844	6.154E+00	3.890	13.037	37.147	9.489	95.112	1003.58	1.859	1.573E+00	0.885	9.179E-03
output62.txt		10000	33.191	9.869E+00	184.847	1.081E+01	10.905	6.087E+00	3.892	13.066	37.281	9.528	96.042	1020.21	1.856	1.569E+00	0.876	9.114E-03
output47.txt		10000	33.193	9.812E+00	184.832	1.075E+01	10.814	6.035E+00	3.882	12.993	36.923	9.450	94.334	989.84	1.869	1.580E+00	0.888	9.182E-03
output13.txt		10000	33.264	9.810E+00	184.661	1.071E+01	10.829	6.096E+00	3.901	13.105	37.404	9.458	94.395	991.29	1.867	1.581E+00	0.880	9.167E-03
output17.txt		10000	33.098	9.895E+00	184.907	1.071E+01	10.757	6.032E+00	3.866	12.868	36.437	9.425	94.057	987.84	1.876	1.572E+00	0.890	9.183E-03
output35.txt		10000	33.334	9.993E+00	184.717	1.071E+01	10.922	6.064E+00	3.899	13.151	37.877	9.501	95.551	1011.33	1.893	1.590E+00	0.878	9.151E-03
output61.txt		10000	33.065	9.866E+00	184.917	1.072E+01	10.860	6.033E+00	3.881	13.009	37.073	9.504	95.491	1008.79	1.865	1.580E+00	0.876	9.139E-03
output19.txt		10000	32.964	9.713E+00	185.028	1.066E+01	10.766	6.045E+00	3.858	12.805	36.061	9.416	93.682	979.26	1.863	1.576E+00	0.889	9.213E-03
output18.txt		10000	33.165	9.865E+00	184.849	1.072E+01	10.850	6.066E+00	3.880	12.987	36.946	9.475	94.868	998.29	1.869	1.580E+00	0.883	9.156E-03
output38.txt		10000	33.154	9.863E+00	184.911	1.066E+01	10.834	6.074E+00	3.875	12.944	36.755	9.481	94.961	1000.28	1.881	1.588E+00	0.886	9.197E-03
output31.txt		10000	33.249	9.870E+00	184.846	1.071E+01	10.832	6.062E+00	3.896	13.148	37.877	9.431	94.025	984.57	1.873	1.585E+00	0.881	9.132E-03
output41.txt		10000	33.177	9.872E+00	184.918	1.072E+01	10.837	6.079E+00	3.882	12.976	36.842	9.479	95.249	1009.74	1.873	1.592E+00	0.885	9.175E-03
output64.txt		6303	33.079	9.785E+00	185.014	1.070E+01	10.832	6.030E+00	3.875	12.949	36.746	9.513	95.703	1016.28	1.854	1.556E+00	0.877	1.145E-02
output7.txt			10000	33.368	9.780E+00	184.677	1.071E+01	10.819	6.133E+00	3.903	13.095	37.200	9.497	95.569	1015.09	1.867	1.571E+00	0.885	9.189E-03
